1
7
11
12
16
18
19
19
20
23
27
28
31
31
32
42
42
48
48
49
52
52
55
56
59
60
64
64
66
67
69
69
74
79
81
82
83
83
92
93
94
98
98
100
103
104
104
105
109
110
115
124
124
129
137
142
145
145
150
152
155
185
187
187
188
188
192
193
194
196
202
203
206
213
218
218
220
220
222
224
224
227
229
233
233
237
238
238
241
243
245
250
250
255
255
261
268
268
269
273
281
281
284
284
291
295
297
297
299
299
300
300
304
305
306
310
310
317
323
323
324
324
328
328
330
332
333
333
335
336
336
341
371
376
378
382
384
385
392
394
395
400
401
401
403
405
406
408
410
420
424
442
442
442
444
444
449
455
460
462
463
465
466
480
482
487
487
488
492
497
497
497
501
502
511
545
547
549
549
551
556
561
561
566
572
573
575
577
582
582
586
588
591
591
593
593
595
601
604
606
609
611
626
629
633
633
633
637
641
644
647
648
651
658
658
661
663
669
670
672
677
679
682
683
683
687
688
691
693
694
696
700
702
703
735
741
746
748
754
764
766
768
777
778
785
786
787
788
789
789
793
800
802
804
810
811
815
815
819
822
827
828
831
840
842
844
854
855
856
856
857
857
862
864
865
868
875
876
880
881
909
917
917
918
922
924
928
942
942
959
964
966
971
973
974
977
985
986
989
989
995
995
997
1004
1005
1009
1018
1022
1026
1030
1031
1041
1049
1052
1055
1062
1066
1091
1100
1103
1105
1106
1111
1117
1118
1128
1129
1134
1137
1138
1143
1145
1146
1150
1154
1157
1159
1170
1171
1179
1185
1189
1190
1191
1195
1195
1203
1208
1210
1210
1211
1214
1216
1222
1225
1230
1231
1232
1242
1242
1246
1247
1248
1249
1249
1249
1251
1251
1273
1276
1282
1284
1294
1297
1297
1300
1302
1303
1306
1309
1313
1315
1321
1323
1327
1333
1335
1337
1338
1340
1340
1346
1351
1364
1366
1366
1369
1370
1371
1373
1374
1376
1377
1382
1383
1385
1391
1393
1401
1402
1403
1404
1408
1410
1418
1427
1455
1457
1462
1464
1466
1474
1475
1477
1477
1480
1480
1483
1484
1491
1498
1501
1503
1503
1504
1504
1505
1510
1523
1524
1531
1532
1532
1546
1547
1555
1555
1561
1567
1567
1568
1572
1573
1574
1575
1578
1583
1586
1586
1592
1595
1602
1604
1609
1610
1612
1614
1821
1823
1834
1843
1843
1844
1846
1846
1856
1862
1863
1864
1865
1868
1874
1875
1877
1877
1879
1880
1885
1891
1892
1895
1895
1896
1900
1901
1906
1911
1912
1913
1914
1915
1917
1918
1919
1921
1924
1927
1936
1937
1938
1939
1939
1939
1940
1946
1947
1949
1951
1952
1953
1955
1958
1959
1961
1972
1973
1975
2002
2006
2008
2009
2010
2011
2011
2014
2022
2028
2036
2036
2037
2041
2042
2045
2047
2048
2052
2059
2063
2068
2069
2072
2073
2075
2075
2077
2080
2082
2083
2090
2091
2092
2100
2100
2104
2104
2113
2115
2115
2115
2118
2119
2119
2120
2121
2122
2127
2130
2130
2133
2137
2141
2150
2154
2154
2158
2160
2184
2186
2189
2195
2197
2197
2202
2209
2210
2214
2215
2220
2222
2227
2228
2230
2232
2237
2239
2244
2245
2251
2256
2259
2263
2266
2269
2270
2274
2275
2276
2279
2281
2282
2282
2285
2286
2287
2288
2292
2295
2296
2300
2300
2300
2303
2304
2304
2306
2309
2310
2313
2316
2316
2317
2321
2333
2337
2342
2364
2364
2365
2366
2368
2368
2370
2371
2377
2379
2389
2391
2391
2391
2394
2396
2396
2402
2402
2410
2413
2415
2419
2420
2423
2425
2428
2438
2444
2446
2446
2446
2455
2458
2459
2462
2464
2465
2465
2466
2472
2474
2475
2481
2482
2485
2495
2497
2498
2499
2502
2503
2505
2514
2515
2515
2517
2519
2519
2523
2546
2546
2547
2551
2552
2552
2554
2556
2558
2570
2570
2574
2577
2593
2596
2597
2601
2603
2604
2604
2608
2609
2610
2612
2619
2623
2623
2624
2627
2628
2631
2631
2633
2637
2640
2644
2646
2647
2648
2649
2649
2649
2655
2659
2661
2662
2669
2673
2673
2675
2676
2679
2681
2683
2683
2687
2687
2700
2706
2728
2730
2730
2731
2732
2733
2734
2736
2738
2738
2750
2753
2760
2763
2766
2766
2767
2769
2773
2775
2782
2785
2785
2786
2786
2787
2790
2791
2800
2800
2802
2802
2804
2809
2809
2809
2812
2815
2818
2822
2822
2824
2832
2837
2838
2838
2840
2842
2850
2850
2851
2858
2859
2863
2865
2868
2882
2883
2883
2884
2885
2887
2888
2910
2914
2916
2916
2917
2918
2921
2934
2934
2936
2937
2937
2938
2939
2940
2940
2941
2943
2946
2946
2946
2950
2951
2952
2952
2954
2956
2958
2965
2966
2966
2968
2972
2973
2978
2983
2984
2985
2986
2987
2988
2989
2990
2991
2993
2993
2995
3003
3005
3009
3010
3016
3018
3022
3028
3029
3029
3029
3031
3031
3033
3045
3050
3051
3056
3057
3059
3060
3060
3063
3063
3065
3065
3066
3069
3093
3096
3097
3105
3105
3106
3106
3109
3114
3118
3122
3127
3129
3133
3138
3149
3151
3153
3157
3158
3159
3161
3167
3171
3171
3173
3175
3182
3182
3185
3189
3190
3190
3190
3194
3200
3202
3203
3203
3205
3207
3208
3211
3212
3212
3213
3215
3218
3222
3225
3226
3231
3232
3232
3233
3240
3243
3243
3244
3246
3246
3272
3281
3283
3283
3285
3288
3292
3293
3294
3296
3298
3305
3312
3316
3321
3321
3324
3325
3328
3329
3330
3331
3334
3335
3335
3337
3341
3346
3348
3350
3352
3354
3354
3364
3366
3375
3375
3378
3379
3384
3392
3393
3393
3400
3401
3409
3409
3409
3411
3411
3412
3414
3419
3426
3429
3432
3433
3639
3642
3642
3643
3644
3645
3645
3646
3647
3649
3651
3651
3654
3659
3660
3662
3665
3668
3677
3678
3678
3680
3681
3682
3684
3685
3686
3687
3687
3688
3692
3692
3693
3694
3696
3698
3698
3702
3703
3704
3715
3715
3718
3719
3720
3721
3724
3727
3728
3729
3730
3734
3735
3738
3739
3740
3746
3748
3748
3748
3748
3752
3760
3764
3772
3773
3775
3776
3783
3785
3785
3788
3789
3791
3791
3792
3818
3819
3820
3822
3824
3825
3826
3831
3839
3840
3842
3844
3846
3851
3854
3856
3857
3859
3859
3863
3864
3864
3868
3869
3870
3873
3875
3876
3879
3882
3882
3883
3884
3891
3892
3893
3901
3904
3905
3906
3906
3909
3910
3918
3922
3929
3935
3940
3945
3945
3946
3947
3948
3949
3951
3952
3959
3960
3960
3969
3973
3973
3978
4000
4003
4004
4005
4006
4012
4013
4015
4016
4019
4019
4020
4024
4027
4028
4038
4038
4038
4040
4044
4045
4050
4056
4059
4061
4062
4064
4065
4065
4066
4068
4069
4080
4088
4092
4095
4097
4100
4101
4104
4105
4109
4111
4112
4113
4113
4114
4117
4118
4122
4122
4123
4124
4129
4129
4131
4131
4134
4136
4141
4142
4146
4147
4148
4150
4150
4152
4153
4154
4155
4156
4157
4184
4184
4184
4186
4187
4189
4189
4192
4192
4193
4193
4193
4194
4196
4197
4201
4206
4208
4214
4214
4215
4220
4223
4226
4226
4230
4231
4231
4239
4240
4242
4244
4245
4246
4248
4249
4252
4256
4256
4260
4261
4263
4265
4266
4267
4268
4270
4270
4274
4277
4279
4292
4292
4295
4296
4301
4302
4312
4314
4318
4319
4320
4320
4323
4324
4327
4328
4333
4335
4337
4340
4364
4366
4366
4372
4376
4377
4377
4379
4379
4379
4385
4386
4386
4386
4392
4394
4395
4395
4396
4397
4403
4403
4403
4409
4409
4411
4412
4413
4420
4420
4422
4422
4423
4425
4429
4433
4433
4433
4434
4436
4437
4441
4441
4442
4442
4447
4448
4454
4456
4459
4459
4462
4462
4468
4473
4478
4481
4485
4486
4497
4500
4502
4511
4513
4516
4519
4519
4519
4521
4545
4549
4554
4559
4559
4561
4563
4566
4569
4573
4574
4575
4575
4576
4582
4582
4584
4586
4587
4587
4588
4589
4590
4592
4594
4596
4601
4602
4608
4611
4612
4621
4622
4622
4624
4625
4626
4628
4630
4631
4633
4639
4640
4641
4641
4642
4644
4645
4645
4646
4647
4651
4651
4654
4656
4657
4662
4662
4662
4667
4670
4670
4674
4679
4680
4682
4684
4687
4688
4691
4691
4692
4695
4696
4699
4701
4705
4705
4729
4734
4735
4735
4736
4739
4743
4746
4746
4747
4751
4752
4758
4764
4768
4769
4770
4770
4772
4773
4773
4775
4786
4788
4790
4791
4793
4794
4795
4795
4800
4802
4802
4806
4809
4809
4815
4815
4820
4823
4824
4826
4827
4829
4829
4833
4833
4840
4844
4845
4847
4848
4852
4855
4855
4858
4861
4866
4869
4873
4875
4877
4879
4880
4885
4886
4886
4887
4888
4909
4910
4915
4918
4918
4920
4920
4921
4922
4923
4924
4931
4932
4936
4937
4938
4945
4950
4954
4955
4957
4957
4959
4961
4961
4966
4970
4972
4974
4978
4979
4982
4987
4994
4995
4997
5003
5005
5007
5008
5009
5012
5013
5015
5015
5020
5026
5028
5031
5031
5032
5042
5042
5044
5047
5048
5049
5050
5050
5052
5055
5056
5060
5061
5062
5063
5064
5065
5066
5067
5070
5092
5093
5095
5095
5102
5103
5114
5117
5119
5119
5122
5123
5123
5129
5131
5132
5132
5133
5137
5140
5142
5143
5143
5147
5148
5154
5154
5155
5155
5155
5159
5161
5163
5164
5164
5166
5168
5170
5175
5176
5178
5181
5189
5194
5194
5194
5195
5196
5197
5200
5201
5202
5202
5203
5203
5203
5206
5207
5211
5212
5213
5213
5218
5222
5222
5222
5228
5229
5230
5233
5239
5241
5243
5244
5245
5249
5250
5251
5456
5463
5466
5467
5473
5474
5476
5478
5479
5480
5482
5482
5482
5483
5483
5485
5491
5495
5498
5500
5502
5502
5506
5510
5511
5512
5513
5516
5518
5527
5532
5533
5533
5534
5534
5537
5537
5537
5538
5539
5540
5541
5541
5541
5546
5546
5547
5551
5551
5551
5551
5551
5554
5564
5565
5565
5567
5572
5577
5577
5584
5587
5587
5590
5595
5600
5601
5602
5605
5605
5606
5607
5608
5610
5610
5612
5613
5615
5639
5640
5640
5641
5646
5646
5649
5655
5657
5658
5659
5660
5663
5663
5664
5665
5667
5669
5673
5675
5682
5682
5691
5695
5699
5700
5703
5705
5706
5709
5711
5712
5713
5718
5718
5723
5728
5728
5735
5736
5737
5737
5739
5741
5743
5745
5748
5750
5750
5752
5753
5755
5755
5760
5765
5765
5766
5766
5767
5775
5775
5776
5783
5786
5786
5788
5788
5789
5791
5792
5793
5795
5795
5796
5796
5796
5819
5829
5829
5836
5840
5841
5842
5844
5846
5846
5847
5848
5848
5851
5852
5857
5861
5862
5862
5863
5866
5868
5873
5875
5877
5881
5881
5886
5891
5897
5899
5900
5902
5903
5904
5904
5909
5910
5911
5913
5913
5914
5915
5922
5923
5927
5929
5932
5933
5933
5934
5934
5936
5939
5939
5940
5942
5943
5948
5949
5951
5955
5957
5960
5961
5966
5966
5968
5970
5971
5974
5979
6002
6005
6005
6010
6010
6010
6010
6013
6014
6020
6023
6024
6026
6027
6029
6032
6032
6038
6039
6041
6045
6046
6048
6050
6050
6055
6057
6058
6059
6063
6064
6065
6067
6068
6074
6075
6077
6077
6079
6079
6082
6083
6086
6087
6093
6095
6096
6100
6100
6101
6102
6111
6111
6112
6115
6115
6117
6117
6120
6121
6122
6124
6129
6133
6147
6153
6153
6156
6159
6161
6182
6183
6185
6195
6195
6196
6196
6200
6202
6203
6205
6206
6207
6208
6213
6221
6222
6225
6225
6231
6231
6239
6240
6240
6240
6243
6248
6250
6252
6257
6257
6257
6258
6259
6259
6260
6263
6263
6266
6267
6269
6270
6270
6270
6273
6273
6274
6276
6277
6279
6282
6283
6285
6286
6286
6288
6291
6292
6294
6294
6295
6295
6296
6296
6298
6305
6309
6311
6314
6317
6317
6317
6319
6320
6321
6331
6333
6336
6337
6337
6337
6338
6339
6341
6342
6363
6366
6366
6370
6371
6375
6375
6377
6377
6382
6384
6384
6385
6389
6393
6393
6393
6394
6396
6397
6397
6403
6406
6408
6409
6409
6410
6412
6414
6418
6423
6424
6428
6430
6431
6432
6432
6434
6438
6439
6440
6440
6441
6442
6445
6446
6446
6447
6448
6449
6455
6456
6456
6458
6465
6465
6466
6467
6470
6470
6473
6473
6475
6477
6479
6480
6481
6482
6482
6484
6493
6496
6496
6497
6498
6502
6505
6509
6509
6510
6512
6513
6515
6516
6516
6519
6520
6522
6522
6523
6524
6524
6547
6551
6552
6561
6564
6565
6569
6570
6570
6573
6573
6574
6574
6575
6576
6576
6577
6582
6582
6584
6585
6585
6588
6591
6593
6593
6609
6611
6615
6620
6621
6623
6625
6626
6627
6628
6628
6629
6631
6639
6640
6640
6642
6642
6642
6646
6647
6648
6649
6650
6651
6658
6660
6663
6666
6667
6674
6675
6676
6678
6679
6679
6680
6681
6682
6684
6686
6691
6693
6695
6696
6697
6697
6699
6700
6700
6700
6700
6700
6701
6701
6705
6730
6733
6733
6734
6735
6736
6739
6741
6741
6742
6745
6746
6746
6749
6750
6753
6753
6755
6756
6758
6760
6766
6769
6770
6770
6771
6772
6774
6782
6782
6784
6786
6787
6788
6792
6795
6803
6804
6805
6806
6806
6808
6809
6819
6819
6822
6827
6830
6831
6833
6836
6838
6838
6841
6844
6846
6847
6848
6850
6851
6854
6855
6860
6865
6865
6865
6869
6872
6874
6877
6885
6887
6888
6909
6909
6910
6912
6913
6915
6917
6919
6920
6924
6927
6933
6936
6937
6940
6942
6942
6943
6947
6949
6951
6951
6952
6952
6953
6953
6955
6956
6957
6965
6971
6973
6973
6976
6982
6983
6984
6987
6988
6989
6991
6992
6992
6993
6993
6994
6994
6994
6995
6997
7000
7002
7005
7010
7011
7012
7012
7013
7013
7013
7016
7020
7024
7024
7024
7025
7028
7029
7029
7032
7038
7040
7041
7042
7046
7048
7048
7051
7051
7052
7055
7055
7056
7057
7057
7061
7061
7063
7065
7066
7069
7273
7273
7274
7276
7282
7284
7284
7297
7298
7305
7306
7309
7309
7312
7315
7317
7320
7323
7324
7328
7331
7332
7335
7336
7337
7339
7340
7341
7341
7343
7343
7345
7346
7347
7349
7351
7354
7354
7355
7357
7357
7357
7358
7359
7365
7365
7366
7368
7369
7370
7371
7372
7375
7377
7378
7381
7382
7384
7385
7387
7388
7388
7390
7390
7391
7392
7393
7394
7394
7397
7401
7402
7403
7405
7407
7408
7408
7409
7410
7413
7413
7415
7418
7421
7425
7425
7427
7429
7432
7456
7463
7465
7473
7474
7478
7480
7484
7484
7484
7486
7488
7491
7491
7492
7494
7496
7497
7499
7504
7506
7511
7512
7514
7514
7519
7519
7519
7522
7522
7522
7523
7524
7530
7530
7532
7534
7535
7535
7536
7536
7538
7541
7541
7547
7548
7549
7550
7551
7551
7555
7556
7558
7561
7565
7568
7569
7569
7569
7570
7572
7574
7575
7578
7579
7582
7586
7586
7587
7590
7593
7595
7597
7602
7603
7603
7605
7605
7607
7607
7608
7608
7608
7613
7614
7614
7615
7615
7636
7645
7649
7650
7652
7657
7658
7661
7661
7665
7666
7668
7673
7675
7684
7688
7690
7691
7693
7698
7698
7698
7700
7700
7700
7701
7701
7702
7704
7709
7715
7716
7717
7717
7721
7721
7722
7723
7730
7730
7731
7733
7733
7733
7735
7735
7738
7739
7739
7740
7746
7748
7749
7749
7753
7754
7755
7755
7759
7759
7760
7761
7764
7766
7769
7769
7770
7770
7771
7772
7775
7777
7777
7778
7778
7782
7783
7785
7785
7795
7797
7797
7820
7825
7827
7827
7828
7828
7831
7833
7837
7838
7839
7840
7842
7842
7843
7845
7847
7847
7849
7849
7854
7855
7855
7859
7860
7861
7863
7865
7868
7870
7870
7870
7872
7874
7876
7876
7878
7879
7880
7880
7882
7882
7884
7885
7885
7885
7887
7891
7892
7893
7893
7894
7896
7898
7900
7900
7902
7903
7906
7909
7911
7911
7912
7912
7915
7915
7917
7920
7920
7921
7922
7923
7924
7924
7929
7930
7933
7933
7934
7934
7935
7936
7939
7946
7947
7947
7947
7950
7952
7953
7953
7955
7955
7955
7958
7960
7963
7964
7966
7966
7968
7971
7971
7973
7975
7976
8001
8001
8003
8003
8004
8005
8005
8006
8007
8008
8009
8011
8013
8014
8014
8014
8015
8020
8020
8023
8024
8024
8026
8027
8028
8028
8031
8032
8033
8038
8039
8040
8040
8042
8045
8046
8047
8048
8050
8051
8052
8057
8057
8057
8057
8061
8062
8066
8068
8078
8079
8081
8081
8082
8083
8084
8092
8094
8095
8096
8100
8103
8105
8110
8110
8111
8111
8112
8114
8118
8121
8124
8128
8131
8132
8135
8135
8137
8137
8137
8138
8140
8143
8149
8154
8155
8157
8157
8160
8160
8184
8185
8189
8190
8190
8202
8204
8205
8206
8207
8209
8211
8212
8213
8214
8219
8219
8220
8224
8227
8229
8230
8230
8231
8233
8237
8237
8237
8239
8240
8241
8242
8243
8243
8244
8247
8252
8255
8256
8256
8257
8257
8259
8260
8260
8260
8261
8261
8262
8263
8265
8266
8268
8274
8276
8277
8280
8284
8286
8287
8287
8288
8294
8297
8298
8300
8301
8301
8303
8303
8305
8309
8312
8312
8313
8316
8316
8318
8321
8324
8324
8338
8339
8364
8365
8368
8370
8372
8372
8372
8376
8376
8378
8379
8379
8379
8382
8384
8388
8390
8392
8394
8395
8396
8396
8401
8401
8403
8403
8405
8408
8411
8413
8413
8415
8415
8422
8425
8425
8425
8426
8430
8430
8431
8432
8439
8441
8441
8443
8447
8447
8448
8450
8455
8457
8457
8458
8458
8460
8460
8461
8462
8463
8463
8465
8465
8467
8467
8469
8470
8473
8473
8476
8476
8476
8478
8480
8483
8485
8486
8491
8491
8492
8493
8493
8495
8496
8504
8509
8510
8513
8514
8516
8546
8547
8552
8554
8563
8564
8565
8566
8567
8569
8570
8570
8571
8571
8572
8578
8587
8587
8591
8591
8595
8595
8597
8600
8601
8601
8602
8604
8606
8610
8611
8614
8622
8623
8625
8626
8626
8629
8631
8641
8644
8645
8647
8647
8650
8650
8651
8651
8652
8659
8662
8663
8664
8665
8665
8667
8669
8669
8673
8674
8676
8677
8677
8679
8680
8680
8683
8685
8686
8688
8695
8698
8699
8701
8704
8704
8705
8727
8729
8729
8730
8732
8737
8740
8740
8741
8743
8746
8747
8750
8751
8757
8758
8760
8760
8763
8768
8769
8770
8771
8774
8775
8776
8776
8777
8779
8781
8782
8786
8788
8794
8795
8795
8801
8803
8804
8812
8815
8820
8821
8821
8825
8828
8828
8829
8829
8831
8836
8839
8840
8843
8846
8846
8847
8847
8849
8852
8856
8857
8857
8860
8860
8866
8867
8869
8873
8874
8875
8876
8877
8880
8880
8880
8881
8882
8883
8883
8886
9091
9092
9092
9093
9094
9095
9095
9096
9097
9099
9100
9103
9107
9110
9110
9111
9114
9115
9115
9117
9121
9131
9135
9135
9137
9140
9141
9143
9146
9146
9146
9148
9149
9152
9153
9157
9160
9164
9165
9165
9166
9167
9173
9177
9178
9184
9187
9188
9192
9194
9195
9196
9201
9201
9202
9202
9209
9212
9214
9214
9218
9221
9222
9223
9223
9224
9224
9224
9225
9226
9228
9230
9231
9233
9237
9238
9239
9239
9241
9243
9246
9246
9246
9247
9247
9248
9249
9249
9250
9251
9275
9276
9276
9278
9279
9279
9281
9282
9285
9285
9285
9292
9293
9294
9295
9298
9298
9300
9303
9303
9309
9310
9311
9313
9317
9320
9322
9322
9323
9328
9330
9331
9333
9334
9338
9340
9340
9345
9346
9350
9351
9356
9356
9357
9357
9359
9360
9360
9365
9366
9366
9371
9372
9373
9373
9374
9375
9376
9376
9377
9377
9379
9379
9382
9384
9387
9387
9387
9387
9387
9389
9390
9390
9393
9394
9395
9397
9403
9405
9405
9406
9408
9409
9413
9413
9415
9419
9419
9419
9420
9420
9424
9424
9428
9429
9430
9431
9432
9433
9434
9434
9455
9455
9456
9457
9457
9457
9458
9459
9459
9460
9462
9463
9465
9469
9474
9474
9475
9476
9481
9485
9486
9487
9487
9491
9493
9493
9494
9495
9495
9496
9498
9498
9503
9505
9511
9512
9517
9517
9518
9519
9519
9520
9520
9523
9524
9527
9528
9529
9531
9534
9536
9540
9541
9542
9543
9546
9550
9552
9553
9553
9554
9557
9558
9564
9565
9565
9566
9567
9568
9571
9572
9572
9573
9573
9573
9573
9576
9577
9578
9579
9582
9583
9585
9585
9585
9586
9587
9588
9589
9591
9592
9592
9593
9593
9597
9600
9600
9602
9607
9612
9615
9616
9639
9640
9641
9644
9646
9648
9649
9651
9654
9655
9658
9659
9660
9660
9663
9665
9669
9669
9673
9675
9678
9679
9683
9688
9688
9688
9694
9695
9696
9700
9700
9701
9704
9704
9705
9706
9706
9706
9710
9712
9712
9719
9722
9724
9727
9734
9734
9735
9736
9737
9742
9742
9746
9750
9755
9756
9756
9758
9760
9763
9764
9768
9768
9769
9770
9770
9770
9773
9774
9777
9779
9782
9782
9784
9785
9790
9791
9793
9795
9796
9797
9821
9821
9832
9834
9837
9839
9840
9843
9843
9844
9844
9846
9846
9846
9846
9859
9860
9860
9860
9861
9861
9865
9867
9870
9876
9877
9877
9878
9878
9879
9879
9882
9882
9883
9883
9884
9886
9886
9887
9887
9888
9888
9891
9893
9893
9895
9897
9901
9903
9904
9904
9905
9906
9909
9909
9913
9914
9914
9920
9920
9921
9924
9928
9929
9930
9931
9934
9934
9935
9937
9938
9940
9942
9948
9949
9950
9955
9957
9959
9964
9967
9968
9968
9968
9975
9975
9976
9979
10000
10003
10005
10009
10010
10010
10010
10015
10018
10023
10026
10026
10028
10029
10029
10031
10032
10033
10037
10037
10037
10039
10044
10047
10047
10048
10049
10054
10055
10056
10058
10060
10064
10064
10065
10065
10067
10070
10070
10070
10072
10073
10074
10074
10074
10075
10077
10077
10080
10081
10082
10082
10082
10084
10085
10087
10092
10094
10094
10094
10095
10096
10098
10098
10100
10103
10103
10105
10106
10106
10110
10112
10113
10116
10117
10117
10117
10118
10120
10120
10121
10123
10124
10124
10127
10128
10128
10130
10130
10132
10134
10136
10138
10143
10145
10150
10151
10153
10154
10156
10157
10157
10158
10185
10188
10191
10192
10195
10197
10197
10202
10204
10206
10211
10212
10216
10218
10218
10219
10219
10219
10220
10220
10221
10221
10222
10222
10224
10227
10229
10230
10230
10231
10234
10236
10237
10239
10240
10241
10243
10243
10247
10249
10250
10252
10254
10259
10260
10261
10266
10266
10266
10268
10273
10273
10276
10277
10280
10281
10282
10284
10287
10291
10292
10299
10300
10300
10302
10306
10307
10311
10312
10314
10314
10315
10318
10321
10322
10323
10324
10330
10333
10337
10338
10338
10342
10342
10343
10363
10364
10364
10367
10367
10367
10368
10369
10375
10376
10376
10377
10378
10379
10383
10384
10387
10388
10390
10392
10392
10396
10397
10400
10402
10402
10403
10404
10405
10406
10409
10410
10410
10410
10411
10411
10412
10412
10420
10422
10422
10422
10423
10424
10428
10431
10433
10438
10439
10443
10444
10445
10449
10449
10449
10451
10455
10455
10455
10460
10462
10462
10462
10463
10464
10466
10469
10470
10472
10475
10476
10476
10479
10480
10482
10485
10486
10488
10493
10494
10498
10498
10498
10500
10513
10513
10513
10514
10516
10518
10518
10521
10522
10524
10524
10525
10545
10548
10548
10552
10553
10555
10556
10556
10559
10561
10561
10564
10564
10565
10568
10570
10571
10571
10572
10576
10576
10582
10583
10584
10586
10586
10587
10588
10589
10589
10590
10596
10596
10597
10602
10604
10606
10608
10608
10609
10609
10612
10612
10613
10614
10618
10620
10622
10624
10626
10629
10633
10637
10638
10639
10640
10643
10644
10645
10647
10648
10649
10650
10651
10651
10655
10657
10657
10658
10660
10661
10661
10663
10665
10667
10668
10676
10677
10678
10678
10680
10682
10684
10691
10691
10694
10695
10698
10698
10699
10700
10702
10702
10705
10706
10910
10911
10911
10914
10917
10918
10920
10923
10923
10923
10924
10924
10929
10933
10936
10936
10942
10943
10947
10950
10953
10953
10957
10958
10959
10961
10961
10964
10964
10964
10964
10965
10967
10969
10971
10971
10978
10978
10979
10983
10985
10986
10986
10986
10987
10987
10987
10988
10990
10991
10991
10994
10994
10995
10995
10996
10996
10996
10997
10997
11000
11003
11004
11006
11010
11011
11011
11011
11013
11013
11014
11014
11019
11027
11028
11028
11030
11031
11031
11031
11032
11032
11033
11036
11036
11038
11038
11038
11040
11043
11047
11050
11051
11052
11058
11060
11061
11062
11062
11066
11067
11068
11070
11092
11092
11092
11094
11095
11095
11095
11096
11097
11100
11101
11103
11103
11104
11105
11111
11113
11115
11117
11119
11122
11127
11131
11132
11132
11135
11136
11136
11136
11137
11137
11138
11139
11140
11142
11143
11148
11149
11151
11153
11155
11156
11156
11156
11157
11157
11159
11160
11165
11166
11167
11174
11175
11179
11181
11182
11182
11183
11183
11187
11190
11191
11197
11197
11200
11203
11205
11210
11210
11212
11212
11214
11215
11218
11221
11225
11227
11230
11232
11234
11237
11238
11240
11243
11244
11246
11246
11246
11246
11246
11248
11251
11273
11273
11273
11276
11277
11280
11280
11285
11286
11286
11286
11291
11292
11292
11292
11293
11295
11295
11297
11300
11301
11301
11301
11304
11306
11309
11311
11313
11314
11316
11318
11320
11320
11322
11322
11323
11323
11331
11337
11338
11339
11348
11348
11349
11349
11350
11350
11351
11351
11352
11355
11358
11359
11360
11368
11368
11369
11370
11370
11373
11381
11383
11383
11387
11387
11392
11395
11400
11407
11408
11408
11412
11413
11415
11419
11420
11420
11420
11421
11422
11424
11425
11426
11427
11433
11434
11456
11460
11466
11466
11469
11472
11473
11474
11481
11482
11483
11488
11498
11503
11506
11509
11510
11512
11513
11517
11517
11517
11520
11522
11530
11530
11532
11533
11537
11541
11541
11541
11546
11546
11546
11547
11548
11549
11550
11550
11550
11554
11558
11561
11563
11565
11567
11569
11574
11575
11576
11577
11577
11577
11582
11582
11583
11587
11588
11590
11591
11591
11592
11593
11593
11595
11597
11597
11602
11603
11604
11607
11607
11608
11610
11614
11615
11638
11644
11645
11647
11649
11650
11651
11651
11655
11656
11657
11665
11665
11666
11667
11669
11670
11674
11674
11674
11678
11681
11681
11682
11682
11683
11683
11683
11684
11684
11685
11687
11691
11691
11691
11693
11696
11698
11701
11702
11702
11705
11711
11712
11712
11713
11714
11715
11717
11717
11717
11720
11720
11721
11722
11723
11724
11727
11727
11727
11728
11729
11730
11731
11733
11733
11737
11742
11742
11742
11743
11743
11745
11747
11749
11751
11755
11756
11757
11759
11759
11761
11767
11767
11770
11773
11775
11775
11777
11778
11786
11786
11787
11790
11791
11793
11818
11819
11819
11823
11824
11825
11825
11831
11833
11833
11833
11838
11839
11841
11842
11843
11843
11849
11850
11854
11857
11858
11858
11860
11861
11862
11863
11864
11864
11865
11868
11873
11874
11874
11875
11876
11877
11879
11879
11880
11880
11885
11885
11891
11892
11892
11893
11895
11895
11897
11899
11902
11902
11904
11904
11905
11909
11911
11912
11914
11917
11919
11919
11921
11921
11927
11928
11929
11929
11933
11933
11933
11934
11935
11935
11939
11940
11942
11951
11953
11954
11955
11957
11957
11961
11966
11968
11971
11971
11972
11975
11975
11976
12000
12000
12002
12003
12004
12006
12007
12007
12008
12011
12011
12013
12014
12019
12023
12023
12025
12027
12027
12030
12030
12031
12033
12036
12040
12040
12040
12044
12046
12047
12054
12055
12055
12057
12058
12060
12060
12060
12061
12063
12066
12066
12068
12069
12069
12070
12076
12079
12079
12080
12085
12086
12087
12088
12091
12092
12095
12096
12097
12098
12098
12100
12100
12100
12101
12102
12105
12109
12111
12113
12114
12114
12115
12115
12116
12117
12119
12119
12119
12121
12122
12124
12125
12128
12130
12132
12133
12134
12135
12136
12140
12140
12147
12148
12151
12153
12154
12155
12158
12159
12160
12183
12185
12186
12188
12189
12189
12191
12193
12193
12195
12201
12201
12202
12204
12205
12205
12205
12207
12207
12209
12209
12210
12212
12213
12213
12218
12220
12222
12224
12224
12225
12225
12226
12226
12226
12227
12227
12228
12230
12231
12233
12238
12239
12239
12240
12240
12245
12246
12247
12250
12251
12254
12257
12258
12260
12260
12261
12262
12266
12267
12268
12270
12272
12273
12275
12275
12276
12280
12281
12282
12286
12287
12288
12291
12293
12294
12297
12297
12300
12302
12306
12309
12312
12312
12313
12318
12318
12319
12321
12322
12323
12324
12324
12331
12335
12337
12339
12339
12340
12340
12340
12341
12363
12364
12367
12367
12368
12368
12373
12373
12373
12375
12377
12378
12382
12382
12383
12383
12384
12385
12385
12388
12389
12390
12390
12393
12395
12395
12396
12401
12401
12404
12406
12406
12406
12408
12408
12409
12409
12413
12418
12422
12424
12428
12428
12429
12432
12436
12436
12439
12439
12441
12442
12442
12442
12444
12444
12445
12445
12445
12448
12450
12451
12451
12456
12460
12461
12461
12462
12465
12466
12467
12467
12470
12470
12474
12477
12477
12477
12481
12483
12484
12486
12487
12487
12488
12492
12493
12493
12494
12499
12500
12500
12501
12501
12504
12504
12505
12509
12509
12512
12512
12513
12514
12515
12515
12517
12518
12521
12522
12523
12727
12731
12731
12731
12732
12733
12735
12736
12737
12737
12738
12738
12740
12746
12753
12756
12759
12760
12767
12767
12771
12771
12772
12775
12776
12776
12776
12778
12779
12779
12781
12782
12783
12784
12785
12785
12786
12787
12787
12792
12794
12795
12797
12800
12802
12803
12803
12804
12806
12807
12808
12809
12810
12810
12813
12814
12814
12815
12815
12815
12815
12820
12821
12823
12824
12826
12828
12832
12836
12836
12837
12839
12842
12845
12846
12855
12855
12860
12866
12873
12873
12873
12876
12880
12881
12881
12882
12882
12883
12884
12887
12888
12911
12912
12920
12920
12923
12928
12929
12930
12932
12933
12933
12938
12938
12940
12940
12941
12942
12947
12947
12949
12950
12950
12951
12951
12952
12953
12955
12956
12956
12957
12959
12963
12964
12967
12968
12969
12969
12971
12972
12973
12975
12976
12977
12979
12982
12983
12984
12985
12985
12988
12991
12991
12991
12994
13000
13003
13007
13007
13008
13009
13013
13014
13019
13021
13022
13023
13024
13026
13027
13032
13032
13033
13033
13038
13039
13039
13040
13041
13041
13043
13044
13048
13049
13049
13051
13054
13057
13058
13060
13061
13062
13064
13066
13069
13070
13091
13092
13095
13095
13097
13097
13099
13100
13100
13101
13103
13104
13104
13105
13106
13106
13106
13110
13110
13112
13112
13113
13115
13116
13120
13121
13122
13122
13122
13123
13123
13125
13130
13132
13132
13132
13134
13135
13137
13138
13145
13146
13147
13148
13148
13151
13152
13153
13155
13155
13157
13159
13160
13161
13165
13167
13168
13168
13170
13173
13175
13175
13175
13175
13177
13178
13178
13182
13184
13184
13186
13187
13191
13195
13195
13196
13200
13200
13200
13201
13203
13204
13211
13214
13214
13215
13222
13223
13228
13228
13228
13229
13230
13233
13233
13236
13237
13237
13238
13240
13243
13246
13246
13246
13247
13251
13252
13274
13278
13283
13287
13287
13291
13291
13291
13293
13294
13296
13297
13300
13301
13302
13304
13310
13313
13313
13314
13314
13314
13320
13321
13322
13323
13323
13324
13325
13328
13329
13330
13333
13334
13335
13336
13337
13339
13339
13341
13342
13342
13346
13349
13351
13351
13351
13354
13356
13356
13357
13358
13359
13360
13360
13360
13360
13361
13363
13364
13364
13369
13369
13371
13373
13376
13377
13377
13377
13382
13382
13383
13386
13391
13391
13391
13393
13394
13395
13395
13401
13403
13408
13409
13413
13413
13415
13419
13421
13422
13427
13430
13431
13454
13455
13455
13457
13461
13465
13466
13467
13469
13469
13469
13469
13470
13475
13476
13476
13477
13480
13481
13482
13484
13491
13493
13493
13493
13495
13498
13498
13501
13506
13506
13509
13509
13509
13510
13511
13511
13515
13515
13519
13519
13522
13523
13524
13527
13527
13530
13530
13531
13535
13538
13541
13541
13541
13543
13545
13545
13547
13548
13551
13552
13552
13554
13561
13566
13569
13569
13569
13570
13571
13572
13573
13573
13574
13575
13577
13578
13579
13582
13582
13583
13584
13585
13586
13587
13591
13592
13593
13594
13595
13596
13601
13602
13602
13612
13612
13613
13616
13636
13638
13638
13640
13643
13643
13643
13644
13644
13645
13645
13650
13651
13654
13655
13656
13660
13661
13662
13664
13670
13672
13673
13676
13678
13678
13681
13681
13683
13686
13687
13687
13691
13691
13692
13695
13697
13697
13697
13698
13698
13699
13701
13702
13704
13704
13704
13707
13709
13711
13715
13716
13720
13720
13721
13721
13724
13727
13728
13729
13730
13731
13733
13733
13734
13735
13736
13736
13737
13740
13740
13745
13746
13746
13747
13751
13752
13752
13754
13754
13756
13757
13758
13759
13764
13769
13772
13773
13773
13774
13775
13777
13777
13777
13778
13782
13786
13786
13787
13787
13790
13791
13791
13792
13792
13793
13794
13795
13795
13797
13797
13819
13821
13824
13825
13825
13827
13828
13828
13830
13831
13832
13833
13834
13841
13841
13842
13842
13845
13849
13857
13859
13864
13866
13867
13868
13868
13870
13873
13875
13875
13875
13877
13879
13879
13886
13886
13891
13891
13894
13895
13897
13899
13899
13901
13901
13902
13902
13917
13918
13919
13920
13920
13923
13924
13927
13928
13928
13930
13931
13933
13934
13935
13936
13937
13937
13939
13942
13942
13943
13945
13946
13946
13946
13946
13950
13954
13955
13960
13961
13965
13967
13967
13968
13969
13972
13973
13974
13976
14003
14008
14008
14009
14009
14009
14011
14018
14019
14023
14023
14024
14026
14029
14030
14031
14031
14032
14036
14039
14040
14045
14049
14050
14055
14057
14059
14059
14060
14061
14062
14062
14064
14064
14067
14068
14069
14070
14072
14073
14075
14078
14079
14080
14081
14082
14085
14086
14086
14087
14088
14091
14092
14092
14094
14095
14099
14101
14102
14102
14103
14106
14106
14111
14112
14114
14120
14123
14128
14131
14132
14136
14136
14138
14140
14140
14142
14143
14145
14145
14146
14147
14147
14149
14149
14149
14150
14152
14152
14153
14155
14156
14156
14156
14157
14157
14158
14159
14160
14182
14183
14184
14185
14186
14188
14191
14192
14194
14194
14194
14195
14196
14197
14200
14201
14201
14201
14202
14204
14206
14210
14210
14211
14212
14214
14215
14215
14219
14219
14224
14225
14226
14228
14231
14231
14232
14237
14239
14240
14241
14244
14247
14248
14250
14252
14256
14256
14258
14258
14258
14259
14259
14260
14260
14262
14263
14264
14264
14264
14268
14269
14273
14273
14275
14275
14276
14278
14281
14282
14283
14283
14283
14284
14286
14293
14293
14296
14300
14303
14304
14305
14310
14311
14311
14312
14312
14313
14317
14318
14320
14320
14320
14321
14325
14327
14328
14329
14331
14332
14332
14333
14333
14333
14336
14336
14337
14338
14340
14340
14341
14341
14342
14545
14546
14546
14547
14548
14549
14553
14557
14558
14559
14559
14559
14560
14561
14564
14568
14569
14571
14571
14571
14572
14573
14574
14574
14576
14582
14582
14584
14588
14590
14590
14590
14591
14593
14595
14596
14597
14597
14600
14602
14603
14608
14608
14609
14609
14610
14611
14612
14615
14615
14620
14620
14620
14620
14622
14623
14624
14626
14627
14629
14639
14639
14641
14642
14643
14646
14647
14648
14648
14649
14649
14650
14651
14651
14656
14658
14658
14660
14661
14661
14665
14669
14669
14670
14673
14677
14678
14678
14680
14686
14687
14691
14693
14700
14701
14704
14727
14729
14732
14735
14738
14741
14745
14748
14749
14750
14755
14761
14763
14768
14773
14775
14776
14777
14779
14779
14782
14786
14787
14791
14791
14793
14795
14802
14802
14803
14805
14807
14810
14814
14818
14818
14818
14819
14819
14819
14819
14820
14822
14822
14825
14827
14828
14828
14831
14838
14839
14839
14840
14842
14843
14844
14846
14846
14847
14851
14854
14855
14857
14857
14861
14864
14865
14866
14867
14868
14868
14870
14870
14872
14873
14875
14879
14884
14884
14887
14887
14909
14909
14912
14914
14914
14914
14916
14917
14917
14918
14924
14929
14930
14932
14932
14933
14934
14945
14945
14946
14948
14950
14950
14951
14952
14952
14952
14953
14954
14957
14959
14959
14964
14966
14966
14967
14968
14969
14970
14971
14973
14978
14982
14984
14985
14987
14989
14990
14991
14991
14993
14993
14993
14994
14995
14996
15002
15004
15006
15006
15006
15008
15009
15009
15011
15019
15019
15021
15021
15022
15022
15023
15023
15024
15024
15028
15029
15030
15030
15032
15038
15041
15041
15043
15043
15043
15043
15044
15048
15049
15050
15055
15058
15059
15059
15059
15060
15063
15068
15068
15069
15069
15091
15092
15092
15093
15095
15096
15097
15099
15099
15100
15100
15113
15113
15113
15114
15117
15120
15120
15120
15121
15122
15124
15124
15129
15129
15129
15136
15138
15142
15143
15147
15148
15151
15155
15157
15157
15159
15159
15161
15164
15170
15170
15172
15172
15174
15175
15182
15186
15188
15188
15191
15193
15197
15200
15205
15205
15206
15207
15207
15207
15207
15213
15213
15214
15215
15219
15222
15222
15224
15226
15226
15226
15229
15230
15230
15230
15231
15231
15232
15232
15233
15233
15236
15238
15240
15243
15244
15245
15246
15246
15250
15273
15274
15275
15277
15277
15278
15281
15282
15285
15285
15287
15293
15296
15297
15302
15303
15303
15304
15305
15309
15310
15313
15315
15316
15316
15318
15318
15319
15320
15322
15322
15323
15324
15327
15330
15334
15335
15335
15336
15338
15339
15340
15342
15342
15342
15345
15346
15348
15348
15348
15349
15350
15351
15352
15356
15356
15357
15359
15359
15360
15364
15364
15365
15366
15369
15371
15372
15373
15374
15377
15381
15383
15384
15384
15384
15384
15386
15387
15388
15388
15389
15389
15389
15390
15392
15395
15395
15396
15397
15405
15409
15410
15412
15413
15413
15415
15420
15420
15420
15424
15428
15429
15431
15454
15455
15461
15462
15462
15463
15464
15467
15473
15474
15475
15476
15480
15482
15482
15485
15488
15492
15493
15494
15495
15495
15495
15496
15497
15499
15500
15500
15501
15501
15501
15504
15514
15515
15515
15517
15517
15518
15521
15522
15523
15524
15528
15529
15529
15529
15530
15531
15532
15532
15533
15533
15533
15534
15538
15538
15541
15542
15543
15547
15548
15548
15548
15551
15552
15558
15559
15561
15564
15564
15567
15569
15571
15572
15572
15572
15572
15573
15573
15574
15575
15575
15575
15582
15583
15584
15584
15585
15586
15587
15590
15591
15594
15600
15602
15603
15604
15605
15608
15608
15610
15610
15611
15611
15611
15612
15614
15636
15640
15641
15646
15647
15649
15651
15657
15658
15658
15661
15661
15662
15664
15664
15667
15669
15673
15674
15674
15675
15678
15678
15680
15680
15680
15682
15682
15682
15684
15684
15685
15686
15687
15698
15704
15709
15709
15709
15710
15712
15714
15715
15717
15718
15722
15723
15725
15728
15729
15730
15730
15732
15733
15733
15733
15735
15735
15739
15740
15742
15743
15746
15750
15751
15752
15753
15754
15756
15759
15761
15763
15766
15768
15769
15771
15771
15771
15771
15773
15774
15774
15776
15777
15778
15784
15784
15786
15786
15787
15789
15790
15791
15791
15794
15796
15797
15820
15822
15824
15825
15827
15829
15829
15830
15837
15838
15839
15842
15843
15844
15844
15845
15846
15848
15854
15856
15859
15860
15861
15863
15864
15864
15864
15866
15866
15874
15875
15878
15879
15879
15880
15886
15886
15887
15890
15891
15893
15895
15895
15896
15896
15896
15897
15902
15902
15905
15906
15906
15909
15914
15915
15918
15920
15920
15921
15923
15923
15928
15930
15931
15933
15934
15937
15937
15940
15941
15942
15945
15947
15947
15948
15948
15949
15951
15951
15953
15954
15957
15960
15964
15964
15964
15965
15966
15967
15967
15967
15968
15973
15974
15974
15976
15977
15977
15978
15979
15979
16004
16006
16007
16009
16011
16012
16012
16013
16014
16015
16019
16020
16020
16021
16023
16024
16025
16025
16027
16027
16028
16029
16031
16031
16031
16031
16037
16038
16038
16040
16040
16042
16043
16044
16045
16049
16052
16055
16060
16061
16061
16063
16065
16065
16065
16065
16066
16069
16078
16081
16085
16086
16090
16092
16095
16098
16099
16099
16103
16106
16110
16111
16111
16111
16113
16115
16117
16117
16117
16120
16121
16124
16124
16124
16127
16127
16127
16128
16130
16131
16132
16132
16135
16136
16138
16138
16139
16141
16141
16143
16146
16146
16150
16151
16151
16153
16365
16365
16365
16368
16368
16368
16370
16370
16371
16374
16374
16375
16376
16376
16379
16382
16385
16386
16390
16390
16391
16391
16392
16392
16392
16396
16397
16397
16400
16401
16407
16410
16411
16412
16412
16412
16412
16419
16420
16420
16420
16421
16421
16423
16426
16431
16438
16443
16444
16445
16447
16448
16448
16448
16449
16451
16455
16455
16456
16457
16458
16465
16467
16468
16470
16472
16473
16477
16479
16479
16482
16484
16486
16486
16486
16488
16488
16494
16495
16496
16499
16500
16500
16501
16504
16505
16505
16510
16510
16510
16511
16513
16513
16517
16518
16519
16524
16545
16545
16546
16551
16559
16560
16564
16564
16565
16565
16568
16568
16569
16572
16572
16574
16574
16577
16577
16578
16582
16583
16585
16585
16589
16589
16590
16593
16600
16601
16602
16602
16602
16602
16603
16604
16605
16607
16609
16610
16615
16620
16622
16622
16622
16628
16629
16634
16636
16636
16637
16640
16641
16642
16644
16645
16648
16649
16650
16654
16656
16656
16661
16662
16663
16664
16664
16664
16665
16666
16667
16669
16670
16672
16673
16673
16674
16679
16680
16680
16683
16685
16685
16685
16688
16688
16695
16695
16698
16700
16701
16702
16703
16704
16706
16727
16728
16729
16729
16733
16733
16736
16739
16739
16740
16741
16742
16742
16745
16748
16749
16749
16750
16753
16754
16764
16765
16766
16767
16767
16768
16768
16769
16770
16770
16772
16778
16779
16784
16784
16785
16786
16788
16789
16790
16795
16795
16796
16800
16804
16804
16804
16804
16805
16805
16806
16808
16810
16810
16810
16814
16815
16819
16819
16820
16820
16820
16822
16822
16823
16823
16824
16824
16824
16826
16827
16827
16829
16830
16832
16838
16839
16840
16841
16842
16842
16843
16843
16845
16847
16847
16850
16851
16852
16852
16852
16855
16856
16857
16859
16861
16862
16869
16873
16876
16877
16878
16883
16884
16885
16888
16911
16912
16918
16919
16920
16930
16930
16931
16932
16932
16933
16937
16938
16938
16939
16940
16941
16942
16942
16942
16946
16946
16949
16950
16951
16952
16952
16954
16956
16957
16957
16965
16966
16968
16969
16970
16970
16971
16971
16971
16972
16973
16973
16976
16977
16979
16983
16983
16984
16984
16985
16986
16986
16986
16989
16989
16991
16993
16995
16997
16997
17000
17001
17003
17009
17011
17012
17014
17018
17019
17019
17020
17021
17022
17024
17027
17027
17029
17033
17034
17037
17040
17041
17044
17048
17048
17055
17055
17057
17057
17057
17058
17058
17058
17059
17061
17062
17064
17064
17064
17065
17068
17068
17069
17070
17091
17092
17092
17093
17093
17097
17099
17099
17104
17106
17107
17112
17114
17115
17115
17119
17120
17120
17123
17123
17124
17127
17127
17127
17132
17136
17138
17138
17141
17142
17146
17146
17147
17150
17150
17153
17161
17164
17165
17168
17171
17172
17175
17175
17176
17176
17178
17179
17183
17186
17187
17187
17188
17190
17190
17191
17192
17193
17195
17200
17201
17204
17205
17205
17205
17206
17206
17208
17208
17210
17211
17213
17214
17214
17215
17218
17218
17218
17220
17224
17226
17226
17226
17231
17232
17232
17238
17239
17239
17241
17243
17243
17243
17246
17250
17273
17274
17274
17275
17276
17280
17283
17285
17287
17287
17288
17295
17297
17298
17299
17300
17303
17304
17310
17312
17314
17315
17316
17319
17324
17324
17327
17329
17330
17333
17335
17335
17336
17336
17337
17342
17342
17343
17345
17347
17348
17351
17351
17353
17357
17357
17359
17360
17363
17364
17372
17374
17374
17377
17378
17381
17382
17382
17383
17384
17386
17387
17389
17391
17391
17392
17393
17393
17393
17393
17394
17400
17400
17402
17402
17403
17404
17406
17407
17409
17410
17410
17413
17413
17413
17414
17419
17420
17421
17421
17421
17424
17425
17427
17427
17428
17432
17456
17457
17464
17466
17466
17469
17470
17473
17476
17477
17477
17480
17483
17487
17487
17495
17501
17503
17506
17509
17510
17512
17512
17513
17515
17516
17521
17523
17529
17531
17531
17533
17537
17537
17542
17545
17545
17548
17550
17552
17557
17557
17559
17559
17560
17561
17561
17568
17568
17568
17572
17573
17576
17577
17578
17583
17584
17587
17588
17588
17589
17593
17594
17595
17595
17596
17600
17600
17601
17602
17602
17604
17604
17606
17609
17610
17611
17611
17639
17642
17643
17645
17648
17650
17656
17656
17656
17657
17659
17659
17659
17660
17661
17661
17662
17665
17666
17670
17672
17675
17675
17675
17677
17680
17682
17684
17686
17688
17691
17693
17696
17696
17701
17702
17704
17706
17709
17709
17709
17711
17711
17715
17716
17717
17718
17719
17722
17732
17733
17734
17734
17738
17740
17741
17746
17747
17751
17751
17757
17758
17759
17765
17767
17768
17769
17771
17771
17772
17773
17775
17776
17776
17779
17783
17787
17794
17795
17818
17820
17825
17826
17827
17828
17828
17830
17832
17833
17836
17839
17839
17840
17845
17845
17846
17849
17851
17851
17856
17860
17862
17864
17868
17870
17873
17875
17875
17875
17882
17884
17885
17886
17886
17886
17887
17892
17895
17895
17897
17899
17901
17903
17909
17909
17911
17911
17913
17914
17914
17920
17923
17927
17928
17928
17929
17929
17931
17931
17932
17935
17936
17937
17939
17940
17945
17946
17954
17955
17957
17963
17964
17964
17966
17969
17972
17973
17974
17975
17975
18182
18183
18184
18185
18186
18189
18189
18191
18191
18191
18192
18192
18192
18192
18197
18197
18200
18202
18204
18204
18206
18206
18207
18210
18211
18214
18215
18215
18218
18218
18219
18219
18220
18221
18224
18225
18225
18228
18228
18229
18233
18237
18237
18238
18245
18245
18249
18254
18258
18262
18265
18265
18267
18272
18273
18277
18279
18282
18285
18287
18294
18295
18295
18296
18296
18297
18297
18299
18299
18302
18304
18305
18312
18314
18315
18317
18317
18318
18318
18319
18320
18321
18322
18327
18331
18333
18335
18335
18337
18338
18339
18341
18341
18343
18364
18364
18368
18371
18372
18375
18376
18377
18378
18383
18385
18386
18387
18387
18388
18388
18390
18396
18400
18405
18406
18407
18409
18409
18410
18410
18412
18416
18418
18421
18423
18424
18425
18426
18427
18429
18430
18439
18439
18441
18441
18442
18443
18444
18444
18444
18445
18446
18447
18449
18450
18456
18456
18456
18457
18459
18473
18478
18478
18480
18481
18482
18485
18486
18487
18488
18491
18492
18495
18498
18499
18502
18502
18503
18504
18504
18506
18506
18511
18511
18513
18515
18516
18516
18518
18520
18522
18546
18548
18549
18551
18552
18553
18554
18555
18555
18558
18560
18560
18565
18566
18566
18570
18573
18574
18575
18575
18578
18578
18583
18583
18585
18586
18587
18589
18589
18593
18594
18594
18597
18600
18605
18609
18610
18610
18611
18611
18612
18612
18614
18615
18615
18615
18618
18618
18620
18622
18623
18623
18624
18625
18625
18626
18627
18630
18632
18632
18633
18634
18643
18646
18651
18659
18666
18667
18667
18675
18678
18679
18680
18683
18684
18684
18690
18691
18695
18695
18695
18695
18697
18698
18698
18700
18727
18728
18728
18733
18736
18736
18742
18747
18748
18750
18752
18753
18754
18755
18765
18768
18771
18773
18776
18778
18778
18779
18779
18779
18782
18783
18784
18786
18788
18789
18792
18792
18793
18795
18795
18797
18804
18806
18807
18811
18812
18818
18819
18822
18822
18822
18822
18828
18829
18832
18832
18833
18839
18841
18842
18844
18846
18846
18848
18850
18850
18850
18851
18852
18854
18855
18856
18858
18858
18859
18859
18860
18861
18862
18865
18866
18868
18873
18876
18877
18878
18879
18881
18884
18887
18888
18909
18912
18913
18915
18917
18919
18924
18924
18925
18929
18929
18930
18931
18932
18932
18933
18934
18936
18936
18937
18939
18941
18943
18943
18946
18951
18953
18953
18954
18956
18959
18960
18960
18960
18967
18970
18971
18971
18975
18975
18975
18976
18976
18977
18982
18982
18983
18983
18984
18984
18988
18990
18991
18991
18994
19000
19002
19011
19011
19012
19014
19015
19018
19020
19020
19022
19023
19024
19026
19027
19028
19028
19029
19032
19036
19037
19040
19040
19041
19046
19048
19048
19049
19051
19059
19060
19062
19063
19063
19064
19064
19065
19066
19068
19069
19090
19091
19092
19096
19100
19102
19103
19111
19111
19115
19116
19118
19118
19119
19120
19120
19122
19123
19124
19127
19131
19133
19135
19136
19139
19140
19141
19141
19142
19142
19143
19146
19146
19151
19152
19152
19153
19154
19155
19155
19156
19157
19158
19159
19160
19160
19165
19169
19169
19171
19172
19173
19173
19177
19178
19184
19185
19189
19192
19192
19193
19194
19196
19196
19196
19197
19201
19202
19202
19202
19207
19209
19212
19214
19220
19221
19224
19227
19233
19236
19237
19242
19242
19242
19249
19251
19252
19272
19274
19277
19277
19277
19277
19282
19284
19286
19295
19298
19298
19301
19303
19304
19305
19307
19311
19312
19315
19318
19321
19321
19321
19322
19331
19333
19336
19336
19337
19339
19342
19345
19346
19347
19350
19351
19352
19357
19364
19369
19369
19374
19377
19378
19378
19382
19382
19384
19385
19392
19393
19397
19401
19401
19404
19409
19409
19413
19413
19413
19414
19414
19419
19421
19423
19424
19425
19428
19430
19432
19432
19432
19433
19455
19456
19456
19457
19460
19460
19461
19462
19466
19466
19467
19467
19467
19469
19470
19473
19479
19480
19482
19482
19483
19484
19484
19486
19491
19491
19495
19495
19498
19499
19502
19502
19504
19505
19514
19516
19517
19522
19522
19524
19524
19524
19529
19533
19533
19536
19536
19537
19538
19538
19541
19541
19543
19545
19547
19548
19548
19548
19549
19553
19555
19558
19559
19566
19566
19567
19571
19573
19575
19576
19584
19585
19585
19588
19589
19590
19591
19593
19595
19596
19601
19605
19610
19611
19612
19637
19640
19641
19642
19642
19642
19643
19647
19650
19652
19656
19657
19658
19659
19663
19666
19666
19667
19668
19668
19675
19677
19681
19686
19686
19687
19687
19687
19692
19693
19695
19700
19701
19704
19704
19705
19709
19711
19714
19716
19717
19717
19719
19719
19722
19727
19727
19729
19730
19735
19735
19736
19736
19738
19739
19739
19742
19742
19742
19743
19746
19746
19749
19752
19755
19756
19761
19765
19766
19766
19768
19771
19772
19773
19775
19775
19784
19787
19788
19790
19792
19792
19793
19796
20000
20001
20001
20001
20006
20010
20012
20012
20012
20016
20024
20025
20027
20027
20029
20032
20033
20036
20037
20037
20039
20040
20041
20043
20047
20050
20055
20056
20057
20058
20059
20059
20060
20062
20069
20074
20078
20080
20081
20081
20082
20083
20084
20086
20087
20094
20099
20103
20105
20109
20110
20110
20111
20111
20112
20113
20115
20118
20120
20122
20124
20125
20127
20130
20131
20131
20131
20136
20142
20145
20151
20153
20157
20158
20158
20159
20188
20189
20189
20189
20191
20193
20195
20196
20197
20200
20204
20207
20207
20208
20210
20211
20215
20219
20222
20225
20233
20236
20238
20243
20251
20252
20257
20258
20258
20259
20261
20266
20267
20274
20274
20277
20278
20281
20282
20282
20282
20283
20284
20285
20287
20287
20292
20292
20295
20295
20295
20295
20295
20299
20301
20301
20301
20303
20303
20304
20305
20306
20306
20309
20309
20310
20310
20311
20312
20312
20313
20314
20315
20315
20315
20316
20318
20322
20322
20323
20324
20328
20328
20329
20335
20336
20365
20365
20365
20367
20368
20370
20370
20370
20372
20374
20376
20379
20382
20382
20383
20384
20386
20387
20392
20395
20396
20396
20401
20405
20407
20410
20410
20412
20413
20414
20415
20421
20425
20426
20428
20429
20433
20433
20433
20434
20436
20437
20446
20452
20456
20456
20459
20460
20461
20462
20466
20467
20467
20468
20470
20473
20476
20480
20481
20481
20485
20486
20487
20490
20491
20492
20495
20495
20496
20497
20498
20498
20500
20500
20502
20502
20505
20509
20510
20510
20514
20515
20516
20518
20521
20525
20545
20548
20551
20554
20555
20556
20556
20560
20561
20563
20567
20568
20568
20570
20575
20576
20577
20587
20590
20591
20596
20596
20597
20600
20602
20604
20606
20609
20611
20614
20618
20619
20620
20620
20628
20629
20630
20630
20637
20637
20639
20640
20641
20643
20644
20646
20649
20650
20656
20656
20658
20660
20661
20662
20667
20667
20669
20674
20675
20678
20680
20680
20683
20684
20684
20692
20692
20694
20694
20695
20697
20701
20702
20704
20729
20732
20736
20740
20746
20748
20748
20755
20757
20758
20758
20758
20760
20766
20766
20768
20769
20773
20775
20783
20785
20788
20795
20795
20795
20797
20800
20803
20803
20805
20805
20808
20818
20820
20823
20824
20829
20830
20831
20837
20841
20841
20843
20845
20851
20852
20861
20866
20868
20868
20868
20876
20880
20883
20885
20886
20887
20910
20911
20913
20914
20915
20915
20921
20921
20925
20931
20934
20943
20947
20948
20948
20952
20953
20955
20959
20967
20971
20971
20972
20976
20983
20983
20984
20988
20990
20991
20992
20993
20994
20994
20994
20995
20995
20996
21000
21001
21002
21006
21006
21006
21007
21009
21010
21012
21019
21030
21031
21036
21044
21045
21049
21049
21049
21054
21055
21059
21060
21062
21065
21100
21105
21111
21115
21115
21115
21118
21118
21121
21122
21123
21123
21128
21129
21131
21132
21133
21134
21136
21139
21142
21151
21151
21152
21154
21155
21156
21157
21158
21164
21165
21167
21170
21172
21174
21175
21178
21182
21182
21183
21183
21189
21189
21194
21195
21196
21202
21203
21205
21206
21207
21208
21208
21209
21209
21211
21219
21223
21226
21227
21228
21229
21230
21230
21232
21236
21239
21241
21242
21243
21243
21243
21244
21245
21245
21246
21248
21249
21251
21273
21275
21279
21285
21287
21287
21288
21288
21292
21294
21295
21295
21296
21297
21300
21301
21301
21302
21309
21312
21313
21314
21316
21316
21316
21319
21321
21321
21322
21324
21324
21329
21330
21330
21330
21334
21341
21342
21345
21349
21349
21350
21352
21355
21356
21357
21357
21359
21360
21371
21373
21373
21374
21377
21378
21383
21384
21388
21389
21390
21390
21400
21400
21403
21404
21413
21415
21419
21419
21424
21424
21428
21429
21457
21459
21460
21463
21466
21466
21468
21469
21470
21473
21475
21480
21481
21483
21487
21491
21494
21494
21495
21503
21503
21509
21511
21511
21512
21517
21521
21522
21522
21533
21534
21534
21535
21535
21536
21537
21538
21546
21546
21547
21550
21551
21555
21556
21556
21557
21557
21559
21560
21563
21567
21568
21573
21575
21577
21579
21585
21587
21591
21593
21594
21597
21601
21602
21606
21609
21611
21611
21613
21615
21615
21818
21819
21820
21820
21821
21823
21825
21826
21826
21828
21829
21832
21833
21836
21839
21840
21840
21841
21843
21846
21848
21850
21851
21852
21861
21866
21875
21875
21876
21877
21879
21879
21881
21882
21887
21887
21891
21894
21897
21898
21901
21903
21906
21906
21910
21910
21913
21913
21913
21916
21918
21919
21920
21922
21923
21923
21928
21928
21929
21929
21930
21932
21933
21933
21933
21937
21939
21942
21942
21946
21948
21950
21951
21957
21959
21961
21966
21971
21975
21977
22007
22007
22010
22010
22011
22013
22018
22024
22025
22028
22029
22031
22033
22039
22043
22046
22048
22058
22059
22069
22069
22074
22075
22077
22083
22087
22092
22099
22100
22102
22104
22105
22109
22110
22112
22112
22113
22114
22114
22120
22121
22123
22124
22127
22129
22132
22137
22137
22138
22142
22145
22145
22151
22153
22153
22154
22156
22161
22161
22182
22183
22184
22188
22193
22195
22195
22205
22206
22207
22208
22211
22218
22218
22220
22222
22223
22225
22226
22228
22228
22229
22231
22232
22240
22240
22243
22243
22246
22257
22257
22261
22261
22262
22262
22270
22275
22277
22280
22282
22284
22284
22284
22286
22286
22288
22292
22295
22296
22301
22306
22311
22311
22312
22312
22320
22321
22322
22324
22328
22329
22329
22334
22337
22338
22338
22340
22363
22367
22368
22369
22369
22370
22370
22372
22373
22378
22383
22383
22391
22392
22393
22395
22397
22397
22397
22401
22401
22402
22403
22404
22406
22408
22409
22410
22414
22419
22425
22426
22427
22433
22434
22437
22437
22440
22440
22441
22445
22446
22455
22455
22455
22457
22462
22467
22470
22470
22474
22476
22479
22479
22480
22481
22481
22493
22494
22496
22499
22499
22502
22502
22509
22510
22513
22524
22525
22545
22546
22547
22547
22554
22557
22557
22558
22565
22566
22570
22571
22571
22573
22573
22573
22575
22577
22577
22582
22582
22585
22587
22589
22596
22597
22600
22602
22604
22608
22614
22615
22615
22622
22625
22626
22632
22633
22640
22646
22650
22655
22656
22657
22657
22661
22662
22663
22663
22667
22669
22676
22685
22685
22687
22687
22690
22693
22694
22694
22695
22695
22697
22699
22699
22700
22702
22706
22707
22727
22728
22730
22731
22732
22733
22737
22739
22741
22742
22747
22750
22751
22753
22754
22754
22755
22756
22764
22766
22767
22770
22772
22775
22777
22779
22782
22783
22784
22785
22786
22789
22790
22790
22791
22793
22794
22800
22808
22810
22816
22819
22826
22828
22829
22830
22832
22837
22842
22843
22848
22855
22857
22858
22858
22858
22859
22864
22864
22867
22867
22878
22884
22886
22886
22886
22909
22909
22913
22928
22929
22930
22931
22932
22937
22938
22939
22940
22941
22942
22948
22950
22957
22963
22964
22965
22966
22967
22974
22975
22978
22981
22983
22984
22985
22985
22985
22988
22992
22993
22995
22995
23000
23001
23003
23004
23005
23007
23007
23009
23009
23019
23019
23024
23025
23026
23029
23033
23038
23043
23045
23047
23055
23057
23058
23065
23065
23068
23092
23093
23094
23098
23103
23104
23104
23105
23111
23113
23115
23115
23118
23119
23125
23128
23128
23131
23131
23132
23135
23136
23137
23139
23140
23141
23142
23145
23146
23150
23150
23151
23153
23156
23158
23158
23164
23165
23167
23169
23175
23177
23183
23184
23194
23196
23200
23203
23203
23206
23206
23208
23209
23210
23211
23213
23213
23223
23225
23228
23228
23229
23230
23240
23246
23249
23250
23251
23251
23251
23277
23278
23278
23281
23285
23291
23292
23295
23295
23297
23299
23300
23302
23302
23302
23302
23310
23310
23312
23314
23314
23316
23316
23323
23327
23329
23330
23332
23332
23333
23334
23335
23336
23338
23338
23345
23350
23353
23355
23356
23357
23357
23358
23359
23364
23366
23366
23368
23371
23371
23372
23374
23375
23375
23375
23379
23384
23384
23385
23388
23389
23391
23391
23394
23402
23402
23411
23411
23415
23420
23429
23430
23431
23431
23636
23638
23640
23640
23642
23642
23643
23644
23645
23649
23649
23651
23651
23652
23655
23658
23661
23662
23664
23670
23678
23679
23682
23686
23696
23697
23701
23702
23706
23713
23717
23718
23719
23719
23720
23722
23730
23732
23732
23740
23740
23740
23741
23742
23752
23753
23754
23755
23755
23757
23757
23760
23763
23766
23769
23769
23771
23771
23771
23775
23778
23797
23797
23818
23833
23834
23839
23839
23843
23845
23851
23851
23857
23861
23861
23865
23866
23869
23870
23877
23877
23878
23884
23885
23885
23886
23896
23898
23898
23900
23903
23910
23911
23912
23914
23916
23916
23920
23922
23923
23924
23925
23930
23932
23938
23939
23941
23941
23943
23947
23951
23957
23958
23958
23968
23976
23977
24002
24004
24006
24006
24009
24011
24013
24015
24018
24020
24022
24023
24031
24036
24040
24049
24050
24050
24051
24054
24058
24058
24061
24062
24062
24063
24063
24063
24065
24066
24073
24077
24077
24077
24079
24082
24082
24086
24093
24093
24094
24096
24097
24100
24102
24103
24109
24113
24113
24115
24115
24116
24116
24117
24119
24121
24132
24152
24154
24158
24159
24161
24161
24183
24184
24185
24187
24190
24190
24191
24196
24200
24202
24205
24208
24214
24216
24220
24220
24224
24224
24226
24228
24232
24238
24239
24240
24242
24243
24243
24244
24246
24247
24247
24256
24258
24265
24266
24280
24285
24293
24296
24298
24298
24309
24312
24318
24318
24321
24324
24324
24324
24328
24331
24333
24335
24337
24342
24364
24371
24372
24375
24375
24375
24375
24382
24386
24387
24388
24389
24393
24394
24395
24395
24397
24403
24406
24412
24418
24420
24420
24420
24421
24430
24437
24437
24437
24437
24441
24443
24443
24444
24446
24451
24454
24454
24457
24460
24461
24462
24463
24469
24477
24478
24479
24482
24483
24484
24485
24486
24494
24497
24499
24500
24501
24503
24506
24506
24511
24513
24513
24514
24515
24517
24520
24522
24523
24546
24551
24553
24554
24557
24565
24566
24576
24576
24576
24577
24585
24586
24587
24597
24600
24604
24613
24626
24627
24632
24636
24638
24639
24640
24642
24644
24645
24648
24652
24655
24655
24656
24664
24665
24666
24670
24673
24675
24675
24678
24680
24682
24684
24686
24692
24693
24696
24697
24697
24698
24698
24702
24704
24705
24707
24727
24727
24729
24730
24730
24733
24734
24736
24741
24746
24746
24746
24750
24750
24751
24752
24754
24757
24759
24765
24769
24772
24776
24778
24778
24779
24782
24788
24788
24790
24793
24795
24795
24806
24806
24809
24811
24811
24811
24812
24813
24822
24824
24828
24830
24831
24832
24832
24832
24839
24840
24842
24844
24845
24845
24847
24849
24850
24851
24854
24856
24868
24870
24882
24884
24885
24888
24909
24918
24920
24921
24923
24929
24932
24934
24937
24948
24949
24951
24952
24955
24957
24959
24959
24964
24965
24966
24977
24979
24982
24982
24982
24986
24988
24988
24989
24989
24989
24991
24995
24996
24996
25000
25003
25004
25008
25018
25019
25021
25021
25022
25028
25028
25031
25032
25037
25047
25051
25051
25054
25055
25061
25061
25066
25068
25068
25069
25093
25109
25115
25115
25118
25118
25119
25119
25127
25130
25130
25132
25134
25153
25155
25159
25161
25163
25168
25168
25171
25171
25177
25179
25182
25182
25183
25186
25186
25187
25187
25189
25191
25194
25195
25195
25197
25200
25202
25205
25206
25208
25210
25218
25218
25222
25228
25229
25231
25236
25239
25241
25242
25244
25246
25248
25251
25252
25462
25462
25464
25466
25474
25476
25478
25480
25481
25485
25486
25493
25495
25497
25498
25499
25503
25504
25505
25506
25512
25513
25520
25529
25531
25534
25535
25535
25538
25553
25554
25555
25556
25559
25566
25566
25566
25570
25571
25575
25583
25584
25587
25589
25592
25594
25595
25595
25600
25600
25613
25615
25615
25636
25638
25649
25650
25651
25655
25657
25659
25660
25668
25675
25678
25681
25688
25692
25696
25701
25701
25711
25711
25716
25716
25721
25721
25728
25729
25730
25733
25735
25736
25736
25738
25749
25753
25753
25759
25759
25767
25767
25769
25772
25772
25773
25775
25779
25779
25785
25786
25790
25791
25792
25797
25822
25823
25824
25830
25831
25837
25841
25843
25846
25848
25848
25849
25856
25861
25867
25880
25884
25886
25892
25895
25896
25896
25897
25900
25902
25903
25903
25916
25916
25916
25917
25920
25921
25923
25924
25924
25927
25933
25933
25935
25937
25941
25946
25947
25948
25949
25951
25954
25955
25957
25958
25958
25959
25960
25960
25969
25972
25978
26003
26009
26011
26024
26025
26027
26034
26036
26038
26044
26056
26057
26061
26066
26073
26074
26075
26076
26083
26086
26088
26093
26099
26103
26109
26110
26114
26118
26118
26119
26128
26131
26137
26137
26139
26141
26146
26146
26146
26149
26182
26182
26183
26183
26185
26185
26195
26195
26196
26202
26202
26208
26209
26210
26211
26216
26220
26222
26223
26226
26227
26227
26229
26236
26244
26246
26246
26251
26255
26255
26264
26274
26276
26280
26285
26295
26296
26299
26302
26304
26312
26313
26314
26320
26322
26327
26330
26332
26333
26334
26342
26342
26364
26371
26373
26376
26377
26383
26392
26395
26396
26406
26406
26410
26411
26421
26422
26427
26428
26429
26430
26433
26433
26433
26433
26437
26440
26449
26452
26460
26460
26463
26468
26474
26477
26479
26479
26481
26481
26482
26483
26484
26484
26487
26492
26493
26496
26498
26499
26503
26504
26510
26511
26513
26514
26518
26519
26523
26524
26548
26548
26549
26552
26561
26567
26576
26576
26577
26577
26579
26582
26584
26588
26589
26591
26594
26603
26614
26621
26625
26626
26627
26629
26640
26640
26641
26644
26646
26650
26651
26662
26664
26666
26667
26667
26670
26672
26675
26679
26680
26685
26696
26697
26701
26701
26705
26705
26705
26706
26728
26730
26731
26731
26733
26733
26733
26735
26736
26736
26741
26741
26742
26749
26750
26755
26756
26759
26760
26764
26766
26769
26772
26773
26773
26775
26776
26777
26777
26777
26783
26786
26788
26789
26790
26792
26795
26804
26809
26811
26814
26820
26826
26828
26832
26832
26839
26839
26840
26841
26848
26852
26856
26862
26863
26864
26866
26866
26874
26875
26877
26880
26881
26882
26882
26882
26915
26922
26927
26930
26933
26934
26934
26939
26939
26939
26950
26956
26957
26961
26965
26967
26971
26977
26978
26986
26991
26991
26992
27007
27011
27020
27025
27037
27038
27039
27040
27040
27041
27044
27045
27051
27055
27058
27059
27065
27066
27068
27273
27276
27277
27282
27283
27301
27305
27306
27320
27322
27329
27337
27341
27341
27343
27347
27350
27351
27358
27367
27371
27374
27376
27376
27378
27385
27388
27391
27395
27400
27408
27410
27412
27413
27415
27418
27419
27419
27421
27421
27423
27424
27426
27428
27432
27457
27464
27465
27465
27467
27474
27485
27486
27497
27497
27504
27514
27547
27550
27554
27573
27575
27586
27587
27592
27592
27593
27594
27597
27603
27605
27609
27610
27637
27647
27648
27649
27650
27659
27664
27670
27680
27683
27688
27690
27694
27697
27697
27700
27702
27703
27703
27706
27707
27710
27719
27721
27731
27731
27740
27740
27745
27746
27753
27764
27764
27770
27776
27788
27789
27790
27793
27820
27827
27831
27840
27844
27846
27847
27847
27848
27859
27869
27879
27913
27915
27920
27920
27922
27923
27923
27923
27931
27933
27937
27937
27939
27942
27945
27948
27957
27957
27960
27966
27969
27971
27974
27975
27979
28002
28003
28004
28009
28010
28013
28018
28043
28043
28043
28044
28046
28049
28059
28059
28060
28062
28064
28066
28066
28070
28074
28074
28075
28077
28083
28084
28094
28099
28104
28111
28112
28120
28134
28138
28139
28142
28145
28145
28148
28151
28154
28157
28157
28158
28184
28187
28189
28192
28203
28204
28205
28206
28208
28209
28219
28220
28222
28225
28226
28230
28233
28239
28248
28255
28255
28259
28260
28263
28268
28296
28314
28317
28321
28331
28335
28336
28336
28337
28340
28367
28377
28378
28383
28386
28389
28390
28397
28397
28397
28404
28416
28420
28422
28428
28436
28443
28444
28457
28459
28461
28467
28469
28475
28482
28488
28491
28493
28494
28497
28500
28502
28502
28503
28503
28505
28509
28517
28523
28523
28549
28552
28557
28560
28567
28569
28571
28572
28576
28579
28587
28591
28591
28604
28612
28622
28636
28637
28641
28651
28655
28664
28666
28675
28681
28695
28697
28699
28701
28701
28702
28703
28704
28735
28737
28742
28745
28748
28756
28759
28767
28768
28769
28769
28775
28779
28782
28789
28792
28797
28805
28807
28808
28810
28811
28812
28818
28821
28825
28827
28832
28832
28833
28833
28834
28836
28838
28839
28842
28843
28843
28849
28849
28849
28855
28870
28875
28878
28879
28882
28886
28888
29095
29096
29096
29099
29110
29114
29115
29117
29117
29119
29120
29121
29122
29129
29141
29147
29151
29157
29163
29165
29185
29185
29189
29202
29204
29209
29211
29214
29230
29238
29246
29275
29297
29304
29305
29309
29317
29320
29320
29320
29321
29323
29327
29328
29328
29329
29337
29346
29351
29352
29360
29361
29363
29366
29371
29383
29383
29385
29387
29400
29404
29425
29426
29427
29430
29431
29432
29460
29460
29461
29470
29479
29479
29484
29492
29499
29503
29515
29524
29534
29535
29536
29537
29538
29547
29550
29552
29558
29558
29564
29566
29568
29575
29578
29589
29591
29591
29602
29608
29609
29609
29638
29638
29641
29646
29657
29659
29661
29661
29662
29666
29668
29670
29676
29680
29695
29698
29706
29706
29711
29712
29723
29730
29734
29735
29736
29737
29737
29741
29764
29770
29770
29786
29789
29792
29818
29818
29820
29820
29821
29822
29824
29825
29826
29827
29828
29828
29837
29837
29838
29840
29840
29844
29845
29851
29855
29858
29858
29860
29868
29873
29877
29877
29877
29883
29886
29891
29897
29911
29912
29914
29916
29920
29923
29928
29937
29938
29950
29953
29955
29956
29959
29960
29961
29961
29964
29966
29978
29978
30002
30003
30031
30040
30040
30052
30057
30066
30070
30074
30080
30082
30087
30096
30096
30099
30106
30112
30127
30134
30147
30153
30155
30155
30157
30191
30192
30203
30204
30209
30220
30223
30226
30230
30231
30232
30232
30242
30246
30252
30266
30266
30276
30277
30279
30287
30291
30291
30301
30304
30306
30318
30320
30325
30328
30331
30332
30333
30366
30371
30377
30377
30382
30383
30384
30397
30404
30405
30405
30410
30418
30423
30423
30425
30426
30430
30438
30439
30440
30466
30474
30477
30478
30482
30484
30484
30487
30487
30498
30501
30504
30511
30515
30519
30521
30545
30547
30548
30552
30585
30589
30590
30590
30593
30594
30596
30600
30608
30613
30621
30625
30628
30632
30638
30642
30645
30645
30646
30655
30658
30663
30663
30664
30668
30677
30682
30691
30692
30700
30913
30915
30920
30920
30932
30947
30950
30952
30953
30954
30957
30959
30967
30970
30979
30983
30984
30990
30992
31001
31005
31010
31013
31019
31022
31024
31029
31037
31044
31062
31063
31095
31101
31103
31122
31123
31129
31136
31139
31140
31148
31149
31157
31161
31167
31169
31172
31173
31179
31186
31187
31208
31210
31215
31219
31229
31234
31236
31248
31249
31278
31281
31287
31300
31301
31304
31309
31319
31319
31322
31337
31343
31343
31346
31346
31353
31353
31356
31357
31360
31361
31365
31365
31365
31374
31374
31382
31393
31395
31400
31404
31408
31428
31432
31477
31486
31500
31512
31513
31514
31516
31518
31527
31546
31564
31567
31572
31582
31589
31590
31595
31595
31603
31605
31647
31658
31662
31666
31668
31669
31670
31670
31672
31688
31695
31714
31718
31721
31723
31728
31731
31734
31734
31756
31760
31767
31782
31786
31820
31828
31832
31838
31846
31858
31864
31885
31897
31898
31927
31930
31954
31956
32003
32013
32025
32033
32036
32043
32057
32063
32065
32070
32077
32088
32093
32097
32101
32111
32114
32116
32124
32127
32130
32132
32139
32152
32154
32188
32194
32226
32233
32237
32239
32240
32242
32244
32245
32245
32261
32277
32283
32283
32283
32302
32313
32322
32323
32329
32334
32334
32341
32342
32342
32364
32365
32368
32370
32371
32408
32408
32409
32413
32419
32421
32424
32439
32445
32447
32452
32456
32465
32466
32478
32479
32486
32486
32499
32501
32513
32732
32740
32758
32772
32796
32804
32810
32823
32834
32840
32916
32935
33000
33003
33004
33012
33015
33023
33024
33039
33064
33092
33109
33120
33122
33124
33153
33156
33157
33168
33176
33177
33179
33204
33207
33208
33209
33213
33215
33220
33228
33231
33238
33248
33248
33277
33291
33293
33303
33318
33328
33329
33335
33341
33356
33366
33383
33391
33397
33407
33411
33413
33414
33421
33424
33425
33426
33458
33462
33480
33496
33501
33513
33513
33515
33521
33527
33529
33529
33533
33563
33574
33574
33577
33582
33585
33587
33604
33612
33636
33638
33641
33646
33686
33698
33707
33718
33723
33727
33735
33767
33772
33772
33773
33783
33787
33831
33833
33855
33860
33873
33885
33893
33900
33907
33921
33924
33932
33934
33941
33942
33951
33951
33957
33959
33968
33972
33979
34003
34006
34007
34015
34019
34036
34040
34041
34048
34062
34082
34091
34100
34103
34104
34130
34134
34138
34156
34189
34200
34210
34216
34221
34286
34291
34292
34298
34309
34335
34340
34547
34548
34552
34558
34568
34615
34632
34641
34678
34686
34697
34701
34704
34730
34731
34756
34756
34757
34757
34759
34767
34812
34825
34863
34864
34877
34937
34959
34975
35024
35026
35033
35037
35039
35039
35045
35066
35070
35109
35136
35139
35166
35176
35179
35185
35193
35210
35228
35239
35293
35306
35314
35319
35324
35331
35333
35333
35358
35389
35389
35395
35460
35460
35463
35468
35492
35494
35515
35522
35523
35524
35533
35537
35551
35557
35565
35573
35573
35600
35604
35668
35688
35696
35717
35759
35770
35770
35770
35774
35790
35796
35796
35834
35866
35877
35901
35905
35917
35922
35954
35971
36001
36019
36020
36025
36033
36077
36087
36111
36155
36393
36404
36409
36438
36447
36448
36448
36456
36473
36479
36483
36607
36609
36656
36661
36700
36738
36742
36752
36773
36776
36814
36837
36845
36846
36848
36865
36945
36966
37059
37070
37095
37104
37113
37115
37173
37174
37179
37212
37248
37367
37394
37405
37459
37460
37485
37502
37506
37524
37524
37528
37564
37577
37589
37613
37666
37688
37714
37717
37730
37764
37778
37788
37841
37861
37877
37878
37884
37899
37902
37932
37937
37970
38247
38275
38286
38287
38296
38297
38400
38426
38466
38474
38496
38591
38597
38657
38699
38733
38773
38775
38782
38784
38796
38806
38845
38880
38882
38911
38928
38955
38957
38979
39069
39106
39117
39184
39186
39202
39215
39225
39250
39251
39294
39309
39322
39329
39342
39373
39384
39419
39468
39510
39536
39560
39574
39655
39684
39720
39724
39741
39775
39791
40004
40048
40095
40148
40296
40296
40340
40384
40400
40586
40633
40706
40774
40807
40914
40951
41060
41065
41232
41306
41355
41386
41410
41432
41466
41474
41541
41571
41590
41610
41613
41882
41902
41912
42002
42154
42389
42432
42439
42464
42586
42624
42642
42651
42656
42659
42681
42695
42973
42975
42978
42983
43048
43093
43116
43164
43699
43700
43877
44080
44084
44160
44338
44418
44505
45054
45115
45663
45822
45942
46111
46503
46607
46820
46887
47379
47724
48087
48476
48499
49219
49331
49397
49548
49785
50048
50093
50121
51951
52112
52288
52329
54568
54606
54691
54808
55680
56030
56550
56733
56770
57194
57454
57882
57910
58564
58570
59306
59313
59677
59703
60115
60209
60666
60754
60803
60820
60856
61031
61179
61209
61276
61366
61541
61595
61928
61933
62142
62628
62915
63067
63275
63424
64083
64281
64408
64524
64844
65094
65133
65188
65874
66683
66698
66837
66852
66996
67340
67411
68113
68119
68309
68832
69236
69547
70497
72773
72997
73424
73886
73937
74029
74142
74251
74603
74644
74646
74687
75167
75188
75207
75397
75602
75674
75827
75851
75868
75954
76124
76584
76601
77004
77033
77036
77182
77300
77354
77517
77657
77865
77911
78311
78388
78389
78732
78961
79014
79118
79122
79183
79221
79248
79336
79369
79606
80020
80100
80148
80278
80339
80429
80445
80831
80960
81031
81043
81051
81136
81303
81493
82073
82097
82204
82254
82458
82687
82704
82946
83836
83945
83948
84059
84379
84964
85031
85194
85232
85455
85584
85957
86212
86228
86296
86394
86416
86433
86943
87294
87376
87460
87711
87789
87968
88092
88139
88237
88373
88481
88859
91011
91098
91110
91476
91504
91682
91702
91862
91875
91952
91965
92001
92251
93106
93232
93291
93347
93486
93574
93606
93724
93877
94811
94916
94942
94955
94979
95119
95222
95279
95366
95391
95571
95644
95661
95734
95790
95938
95942
96022
96031
96386
96593
96731
96800
96969
97055
97094
97122
97219
97219
97504
97595
97729
97823
97910
97925
97971
98243
98251
98367
98394
98455
98483
98492
98553
98792
98929
99316
99351
99465
99468
99608
99652
99742
99795
100019
100023
100155
100245
100414
100473
100476
100506
100675
100882
100883
100931
101384
101401
101423
101881
101892
102060
102061
102086
102241
102250
102306
102430
102451
102511
102572
102584
102610
102628
102657
102886
102937
103064
103101
103105
103112
103120
103152
103163
103166
103299
103301
103746
103779
103797
103914
104133
104152
104213
104323
104499
104659
104759
104810
104879
104910
104914
104985
105018
105023
105146
105197
105520
105530
105601
105637
105773
105949
106036
106073
106591
106875
109109
109221
109247
109405
109487
109539
109551
109571
109596
109748
109850
109964
110064
110225
110437
110437
110443
110505
110594
110668
110915
110996
111022
111210
111359
111547
111559
111593
111639
111648
111701
111761
111768
111859
112076
112100
112274
112296
112432
112441
112492
112800
112804
112846
112880
112882
112911
112955
112971
112977
113008
113033
113176
113202
113385
113537
113582
113662
113669
113695
113755
113897
113928
114038
114200
114568
114593
114683
114794
115063
115106
115128
115148
115213
115402
115570
115573
115742
115755
115772
115903
115955
115959
115959
116054
116368
116430
116430
116492
116579
116634
116651
116805
116809
116919
116940
116988
117003
117065
117111
117229
117372
117411
117560
117695
117696
117701
117715
117717
117771
117900
117958
118223
118256
118279
118409
118479
118595
118662
118778
118815
118911
118946
118971
118984
119006
119021
119132
119154
119281
119341
119349
119372
119377
119412
119715
119778
119787
120023
120075
120138
120215
120281
120298
120370
120546
120549
120585
120632
120810
120869
120937
120942
120988
121033
121041
121044
121093
121137
121153
121283
121287
121311
121334
121337
121495
121506
121588
121899
121920
121945
122061
122236
122266
122402
122408
122409
122415
122468
122565
122595
122670
122688
122701
122739
122779
122950
122953
122968
122983
122990
123031
123043
123105
123284
123347
123359
123388
123648
123675
123828
123828
123829
123953
124051
124116
124122
124210
124300
124315
124387
124387
124466
124509
124615
124698
124773
124786
124824
124932
124949
125127
125157
127541
127592
127597
127637
127681
127693
127697
127721
128001
128041
128066
128103
128188
128214
128269
128277
128284
128306
128411
128420
128494
128573
128681
128729
128783
128807
129167
129245
129287
129375
129558
129595
129680
129698
129837
130029
130057
130082
130116
130150
130206
130266
130269
130273
130310
130456
130568
130629
130668
130911
130933
131028
131059
131137
131152
131310
131357
131423
131429
131520
131656
131673
131769
131782
131822
131959
131969
132059
132138
132280
132280
132287
132304
132339
132368
132377
132477
132480
132787
132796
132833
132855
132866
132879
132956
132960
132967
133001
133011
133050
133120
133157
133166
133177
133195
133323
133334
133365
133372
133506
133612
133643
133793
133910
133939
134008
134023
134076
134116
134147
134230
134239
134337
134338
134546
134610
134692
134694
134775
134883
134934
134937
134948
134951
134957
134959
134973
135013
135033
135052
135139
135252
135314
135457
135536
135686
135700
135716
135866
135881
136031
136091
136116
136128
136138
136159
136449
136452
136556
136591
136602
136620
136626
136627
136638
136883
136952
136978
137044
137153
137154
137230
137242
137392
137412
137432
137555
137560
137638
137673
137764
137783
137895
137936
137940
137949
138189
138246
138265
138269
138339
138369
138402
138460
138461
138468
138482
138502
138515
138652
138697
138746
138766
138806
138810
138851
138958
139009
139014
139018
139096
139112
139120
139167
139169
139172
139221
139286
139292
139361
139419
139425
139468
139483
139495
139504
139524
139533
139559
139570
139584
139661
139674
139679
139697
139730
139731
139756
140045
140083
140112
140184
140288
140307
140319
140405
140449
140459
140461
140610
140649
140675
140731
140739
140786
140825
140872
140888
140919
141004
141021
141052
141171
141188
141242
141300
141319
141468
141483
141485
141500
141559
141569
141582
141600
141860
141934
142021
142027
142059
142193
142273
142299
142302
142310
142396
142450
142706
142769
142772
142785
142791
142827
142837
142837
142924
142965
142982
143043
143100
143110
143113
143237
143247
143388
145496
145932
146045
146046
146072
146085
146150
146186
146230
146234
146255
146285
146300
146306
146367
146386
146412
146424
146468
146494
146570
146572
146577
146639
146658
146757
146759
146808
146809
146813
146832
146841
146872
146884
146934
146942
147015
147030
147050
147273
147345
147384
147404
147415
147461
147504
147554
147558
147590
147591
147750
147789
147822
147837
147948
147975
148050
148155
148160
148187
148191
148306
148401
148406
148419
148420
148525
148620
148659
148668
148681
148696
148698
148794
148808
149097
149165
149171
149200
149218
149241
149305
149315
149352
149397
149595
149607
149608
149654
149668
149693
149716
149727
149782
149841
149910
149932
149951
150012
150040
150219
150222
150251
150557
150564
150569
150577
150615
150674
150681
150698
150704
150950
150951
151011
151036
151047
151122
151175
151243
151353
151359
151406
151430
151466
151499
151518
151550
151609
151613
151647
151649
151677
151701
151720
151741
151769
151771
151832
151894
151903
151913
151974
152032
152082
152132
152209
152272
152294
152301
152331
152373
152375
152389
152440
152448
152452
152455
152476
152515
152748
152829
152839
152982
152990
153029
153064
153131
153142
153153
153276
153415
153521
153553
153564
153589
153614
153710
153718
153741
153741
153748
153749
153759
153856
153895
153950
153969
153976
153978
154114
154140
154151
154183
154229
154240
154268
154328
154335
154572
154605
154794
154800
154831
154838
154869
154917
154955
154997
155040
155097
155104
155230
155281
155358
155366
155388
155418
155420
155487
155493
155594
155605
155660
155681
155693
155735
155751
155884
155895
155914
155951
155953
156005
156011
156050
156054
156114
156376
156441
156482
156493
156520
156525
156565
156586
156636
156880
156964
157026
157033
157056
157102
157109
157157
157246
157369
157465
157481
157505
157538
157601
157665
157686
157691
157721
157729
157784
157826
157845
157894
157896
157915
157952
158212
158233
158244
158282
158291
158292
158332
158335
158364
158385
158402
158459
158621
158640
158668
158670
158797
158801
158848
158956
158995
159042
159051
159100
159128
159175
159195
159207
159290
159302
159304
159332
159333
159396
159397
159411
159477
159514
159554
159554
159557
159657
159661
159672
159715
160008
160184
160203
160207
160221
160301
160321
160414
160431
160437
160565
160597
160624
160639
160642
160661
160663
160665
160672
160694
160766
160777
160801
160826
160876
160929
160950
160951
160975
160976
161032
161120
161182
161187
161251
161283
161291
161299
161336
161337
161341
161368
161391
161414
161484
161485
161502
161552